4.095531404018402100e-01
3.490782380104064941e-01
3.359707593917846680e-01
3.233168721199035645e-01
3.126125037670135498e-01
3.053590655326843262e-01
2.995401620864868164e-01
2.963038980960845947e-01
2.945026159286499023e-01
2.935025990009307861e-01
2.931026220321655273e-01
2.925531566143035889e-01
2.923737168312072754e-01
2.917214632034301758e-01
2.914925515651702881e-01
2.920896112918853760e-01
2.914218306541442871e-01
2.909640967845916748e-01
2.910416126251220703e-01
2.904324531555175781e-01
2.905309498310089111e-01
2.900440692901611328e-01
2.897405624389648438e-01
2.894513010978698730e-01
2.889097332954406738e-01
2.884157299995422363e-01
2.875076532363891602e-01
2.866776287555694580e-01
2.854352295398712158e-01
2.848674356937408447e-01
2.831926047801971436e-01
2.823737561702728271e-01
2.806380093097686768e-01
2.794866263866424561e-01
2.774599194526672363e-01
2.770871520042419434e-01
2.755675911903381348e-01
2.752379775047302246e-01
2.753890156745910645e-01
2.746250033378601074e-01
2.748013734817504883e-01
2.745022773742675781e-01
2.744523882865905762e-01
2.749174535274505615e-01
2.745508551597595215e-01
2.748430073261260986e-01
2.744602262973785400e-01
2.745620012283325195e-01
2.746547758579254150e-01
