5.800898671150207520e-01
5.378251671791076660e-01
5.156230330467224121e-01
5.023859739303588867e-01
4.948084950447082520e-01
4.905134737491607666e-01
4.866081476211547852e-01
4.834760725498199463e-01
4.803215861320495605e-01
4.778835475444793701e-01
4.757378399372100830e-01
4.739433526992797852e-01
4.722900986671447754e-01
4.708949625492095947e-01
4.697754979133605957e-01
4.686875939369201660e-01
4.679197669029235840e-01
4.668147563934326172e-01
4.657430648803710938e-01
4.648442864418029785e-01
4.641253948211669922e-01
4.632194340229034424e-01
4.628436863422393799e-01
4.618626832962036133e-01
4.615841209888458252e-01
4.608442783355712891e-01
4.606988430023193359e-01
4.595969319343566895e-01
4.592431783676147461e-01
4.586845636367797852e-01
4.579693973064422607e-01
4.573752880096435547e-01
4.563468396663665771e-01
4.556362926959991455e-01
4.545565545558929443e-01
4.533415436744689941e-01
4.523460865020751953e-01
4.512698352336883545e-01
4.501263797283172607e-01
4.492762684822082520e-01
4.482325315475463867e-01
4.475943744182586670e-01
4.468555152416229248e-01
4.461139738559722900e-01
4.456997513771057129e-01
4.454376101493835449e-01
4.449563920497894287e-01
4.447193741798400879e-01
4.445866346359252930e-01
