6.449688673019409180e-01
5.977602601051330566e-01
5.713191628456115723e-01
5.521986484527587891e-01
5.369678735733032227e-01
5.239114165306091309e-01
5.105165243148803711e-01
4.978261291980743408e-01
4.875664114952087402e-01
4.799214303493499756e-01
4.736161530017852783e-01
4.686811566352844238e-01
4.644295871257781982e-01
4.605656862258911133e-01
4.564653337001800537e-01
4.523946344852447510e-01
4.479133188724517822e-01
4.433608949184417725e-01
4.386909604072570801e-01
4.342595636844635010e-01
4.306734800338745117e-01
4.275470674037933350e-01
4.250814318656921387e-01
4.227298796176910400e-01
4.210898578166961670e-01
4.195730090141296387e-01
4.179101586341857910e-01
4.172135889530181885e-01
4.156331419944763184e-01
4.148082435131072998e-01
4.138039946556091309e-01
4.129866063594818115e-01
4.123605489730834961e-01
4.116968810558319092e-01
4.109031260013580322e-01
4.106021523475646973e-01
4.100297987461090088e-01
4.094368517398834229e-01
4.089517295360565186e-01
4.088334143161773682e-01
4.082893431186676025e-01
4.080254435539245605e-01
4.077085852622985840e-01
4.068703651428222656e-01
4.066501259803771973e-01
4.061212539672851562e-01
4.057383537292480469e-01
4.053318798542022705e-01
4.049334228038787842e-01
4.044702351093292236e-01
4.040018320083618164e-01
4.035632908344268799e-01
4.030582010746002197e-01
4.023559391498565674e-01
4.017354846000671387e-01
4.017609357833862305e-01
4.006383121013641357e-01
3.999093174934387207e-01
3.993521332740783691e-01
3.984614312648773193e-01
3.980414569377899170e-01
3.973474204540252686e-01
3.964741528034210205e-01
3.959845602512359619e-01
3.951722979545593262e-01
3.945569694042205811e-01
3.935091495513916016e-01
3.928351700305938721e-01
3.921562135219573975e-01
3.916111886501312256e-01
3.910749852657318115e-01
3.901417553424835205e-01
3.895920515060424805e-01
3.891587555408477783e-01
