3.351444602012634277e-01
1.899341344833374023e-01
1.497427672147750854e-01
1.306062340736389160e-01
1.195314601063728333e-01
1.141171604394912720e-01
1.079604998230934143e-01
1.036823764443397522e-01
9.990865737199783325e-02
9.783307462930679321e-02
9.521402418613433838e-02
9.337475895881652832e-02
9.104624390602111816e-02
8.951541781425476074e-02
8.825415372848510742e-02
8.675878494977951050e-02
8.616328984498977661e-02
8.585431426763534546e-02
8.330808579921722412e-02
8.293872326612472534e-02
8.261608332395553589e-02
8.127309381961822510e-02
8.168409764766693115e-02
7.993996888399124146e-02
7.986117899417877197e-02
8.007697761058807373e-02
7.860182225704193115e-02
7.862436026334762573e-02
7.817450910806655884e-02
7.793778181076049805e-02
7.846098393201828003e-02
7.786004990339279175e-02
7.715922594070434570e-02
7.744162529706954956e-02
7.815556973218917847e-02
7.743715494871139526e-02
7.609036564826965332e-02
7.774867117404937744e-02
7.610106468200683594e-02
7.623897492885589600e-02
7.560000568628311157e-02
7.583493739366531372e-02
7.512774318456649780e-02
7.567328214645385742e-02
7.602310180664062500e-02
7.603172212839126587e-02
7.578343152999877930e-02
7.483120262622833252e-02
7.447350770235061646e-02
