1.244097426533699036e-01
1.114093735814094543e-01
1.047157570719718933e-01
1.010089591145515442e-01
9.970808774232864380e-02
9.767375141382217407e-02
9.716081619262695312e-02
9.661615639925003052e-02
9.570617973804473877e-02
9.496651589870452881e-02
9.437935799360275269e-02
9.365017712116241455e-02
9.360310435295104980e-02
9.281909465789794922e-02
9.225545823574066162e-02
9.112354367971420288e-02
9.104037284851074219e-02
9.004858136177062988e-02
8.940772712230682373e-02
8.916337043046951294e-02
8.959847688674926758e-02
8.774430304765701294e-02
8.782754838466644287e-02
8.686525374650955200e-02
8.584262430667877197e-02
8.512074500322341919e-02
8.489799499511718750e-02
8.387602865695953369e-02
8.374902606010437012e-02
8.328659832477569580e-02
8.315937221050262451e-02
8.233758807182312012e-02
8.133915811777114868e-02
8.173625916242599487e-02
8.078451454639434814e-02
8.153820782899856567e-02
8.078771084547042847e-02
8.067034929990768433e-02
8.046745508909225464e-02
8.096173405647277832e-02
8.036126196384429932e-02
8.021704107522964478e-02
7.949878275394439697e-02
8.010584861040115356e-02
7.939788699150085449e-02
7.911903411149978638e-02
7.889839261770248413e-02
7.924582809209823608e-02
7.876460999250411987e-02
